9.678652602509028174e-03 2.901353965183752215e-01 2.583004166666666788e+04 1.723333333333333428e+01
2.852412980155063593e+01 8.550632045796455714e+02 8.764509267743180843e+00 9.999260819793120980e-01
5.703858095049876198e+01 1.709836273762772862e+03 4.382998241435281273e+00 9.971714989107525184e-01
8.555303209944690934e+01 2.564609342945900607e+03 2.922164111137520504e+00 1.000152326144788439e+00
1.140674832483950212e+02 3.419382412129027671e+03 2.191685069930019658e+00 9.987183615048488283e-01
1.425819343973431330e+02 4.274155481312154734e+03 1.753377810847392082e+00 1.000197587264089361e+00
1.710963855462912875e+02 5.128928550495282252e+03 1.461164706675587954e+00 9.992340407052652251e-01
1.996108366952394135e+02 5.983701619678409770e+03 1.252437012634206148e+00 1.000216986140705977e+00
2.281252878441875112e+02 6.838474688861536379e+03 1.095889028185043523e+00 9.994918912448127468e-01
2.566397389931356656e+02 7.693247758044662987e+03 9.741281727483628305e-01 1.000227763619532917e+00
2.851541901420837348e+02 8.548020827227790505e+03 8.767186618419758881e-01 9.996466050693082472e-01
3.136686412910318040e+02 9.402793896410916204e+03 7.970194246100679170e-01 1.000234622136078722e+00
3.421830924399800438e+02 1.025756696559404554e+04 7.306030178678415421e-01 9.997497490776656726e-01
3.706975435889281130e+02 1.111234003477717306e+04 6.744042530727654139e-01 1.000239370394939487e+00
3.992119947378762959e+02 1.196711310396029876e+04 6.262336886048494033e-01 9.998234240838251852e-01
4.277264458868243651e+02 1.282188617314342628e+04 5.844857207313047809e-01 1.000242852480089484e+00
4.562408970357724911e+02 1.367665924232655561e+04 5.479561381372574091e-01 9.998786807291785150e-01
4.847553481847206172e+02 1.453143231150968131e+04 5.157240676893679598e-01 1.000245515267444985e+00
5.132697993336687432e+02 1.538620538069280701e+04 1.461219812608605562e+00 9.999216583515568857e-01
5.417842504826169261e+02 1.624097844987593453e+04 1.384314880567137696e+00 1.000247617478003281e+00
5.702987016315649953e+02 1.709575151905906387e+04 1.315100311212928030e+00 9.999560405953359377e-01
5.988131527805130645e+02 1.795052458824218775e+04 1.252477499062052857e+00 1.000249319273974979e+00
6.273276039294611337e+02 1.880529765742531526e+04 1.195547582000444642e+00 9.999841716185120521e-01
6.558420550784094303e+02 1.966007072660844278e+04 1.143568019452997131e+00 1.000250725109797623e+00
6.843565062273576132e+02 2.051484379579157394e+04 1.095920025856865543e+00 1.000007614204133422e+00
7.128709573763056824e+02 2.136961686497469782e+04 1.052083819995061065e+00 9.997839519068651981e-01
7.413854085252537516e+02 2.222438993415782898e+04 1.011619585947721944e+00 1.000027450285203789e+00
7.698998596742019345e+02 2.307916300334095286e+04 9.741526648899210272e-01 9.998196206968011923e-01
7.984143108231501174e+02 2.393393607252408037e+04 9.393619200371849942e-01 1.000044452674758277e+00
8.269287619720981866e+02 2.478870914170721153e+04 9.069705088154935702e-01 9.998503697112259836e-01
8.554432131210462558e+02 2.564348221089033541e+04 8.767385005763953520e-01 1.000059188104688079e+00
8.839576642699944387e+02 2.649825528007346293e+04 8.484569231258131117e-01 9.998771511543286250e-01
9.124721154189425079e+02 2.735302834925658681e+04 8.219429255168561044e-01 1.000072081625414055e+00
9.409865665678906907e+02 2.820780141843971796e+04 7.970358203258034457e-01 9.999006863952932811e-01
9.695010177168387600e+02 2.906257448762284548e+04 7.735938243430000583e-01 1.000083458276491921e+00
9.980154688657868292e+02 2.991734755680596936e+04 7.514913579970372570e-01 9.999215319205182473e-01
1.026529920014734898e+03 3.077212062598909688e+04 1.217694658117765449e+00 1.000093570867146342e+00
1.055044371163683081e+03 3.162689369517222804e+04 1.184784293594483007e+00 9.999401238961220795e-01
1.083558822312631492e+03 3.248166676435535192e+04 1.153606038047970905e+00 1.000102618984081815e+00
1.112073273461579447e+03 3.333643983353848307e+04 1.124026653485783678e+00 9.999568090190291691e-01
1.140587724610527630e+03 3.419121290272160695e+04 1.095926225601659088e+00 1.000110762297002021e+00
1.169102175759475585e+03 3.504598597190473811e+04 1.069196538949190867e+00 9.999718663385437356e-01
1.197616626908423768e+03 3.590075904108786926e+04 1.043739684231673293e+00 1.000118130062578548e+00
1.226131078057371951e+03 3.675553211027099314e+04 1.019466859922060653e+00 9.999855229882296248e-01
1.254645529206319907e+03 3.761030517945411702e+04 9.962973372971257735e-01 1.000124828036451197e+00
1.283159980355268317e+03 3.846507824863724090e+04 9.741575634660246674e-01 9.999979657226552021e-01
1.311674431504216500e+03 3.931985131782036478e+04 9.529803813942696600e-01 9.998766191209330634e-01
1.340188882653164455e+03 4.017462438700349594e+04 9.327043494983945360e-01 1.000009349508607315e+00
1.368703333802112866e+03 4.102939745618662710e+04 9.132731462906812370e-01 9.998928218190059614e-01
1.397217784951060821e+03 4.188417052536975825e+04 8.946350479240304798e-01 1.000019804012347358e+00
1.425732236100009004e+03 4.273894359455288941e+04 8.767424684310201055e-01 9.999077283100327174e-01
1.454246687248957187e+03 4.359371666373601329e+04 8.595515540521280196e-01 1.000029438560467110e+00
1.482761138397905142e+03 4.444848973291913717e+04 8.430218243719287408e-01 9.999214881553881717e-01
1.511275589546853325e+03 4.530326280210226105e+04 1.157962195713573728e+00 1.000038345977536380e+00
1.539790040695801508e+03 4.615803587128539220e+04 1.136518586137372777e+00 9.999342287593462331e-01
1.568304491844749691e+03 4.701280894046852336e+04 1.115854739369857462e+00 1.000046605586453197e+00
1.596818942993697874e+03 4.786758200965164724e+04 1.095928882656614922e+00 9.999460593256803698e-01
1.625333394142645830e+03 4.872235507883477840e+04 1.076702174647137467e+00 1.000054285577143043e+00
1.653847845291594012e+03 4.957712814801789500e+04 1.058138452689070252e+00 9.999570739956629151e-01
1.682362296440542195e+03 5.043190121720102616e+04 1.040204005821196986e+00 1.000061444893493690e+00
1.710876747589490151e+03 5.128667428638415731e+04 1.022867370467002823e+00 9.999673543584672863e-01
1.739391198738438334e+03 5.214144735556728119e+04 1.006099146223837559e+00 1.000068134749089177e+00
1.767905649887386289e+03 5.299622042475041235e+04 9.898718294788372285e-01 9.999769714756895356e-01
1.796420101036334472e+03 5.385099349393354350e+04 9.741596628708644179e-01 1.000074399854236962e+00
1.824934552185282655e+03 5.470576656311666011e+04 9.589384988653145703e-01 9.999859875262733233e-01
1.853449003334230838e+03 5.556053963229979126e+04 9.441856759219526829e-01 1.000080279416465823e+00
1.881963454483179021e+03 5.641531270148291514e+04 9.298799059201611206e-01 9.999944571523590175e-01
1.910477905632127204e+03 5.727008577066604630e+04 9.160011716654585801e-01 1.000085807961832440e+00
1.938992356781075159e+03 5.812485883984917746e+04 9.025306334395140073e-01 1.000002428567632551e+00
1.967506807930023342e+03 5.897963190903229406e+04 8.894505436762081274e-01 9.999214659555787366e-01
1.996021259078971298e+03 5.983440497821542522e+04 8.767441689511396019e-01 1.000009944475670487e+00
2.024535710227919481e+03 6.068917804739854910e+04 1.111365923867402739e+00 9.999311566323192402e-01
2.053050161376867436e+03 6.154395111658168025e+04 1.095930358803824278e+00 1.000017042835230630e+00
2.081564612525815846e+03 6.239872418576481141e+04 1.080917683967446585e+00 9.999403163155432539e-01
2.110079063674763347e+03 6.325349725494792801e+04 1.066310755238507602e+00 1.000023757501439237e+00
2.138593514823712212e+03 6.410827032413105917e+04 1.052093342846160962e+00 9.999489874845393089e-01
2.167107965972659713e+03 6.496304339331418305e+04 1.038250071214211978e+00 1.000030118765741438e+00
2.195622417121608123e+03 6.581781646249731421e+04 1.024766363494174604e+00 9.999572082051838562e-01
2.224136868270556079e+03 6.667258953168043809e+04 1.011628390365002517e+00 1.000036153812781325e+00
2.252651319419504489e+03 6.752736260086357652e+04 9.988230227214268675e-01 9.999650126885966106e-01
2.281165770568452444e+03 6.838213567004670040e+04 9.863377879106584034e-01 1.000041887108749084e+00
2.309680221717400855e+03 6.923690873922982428e+04 9.741608292107968303e-01 9.999724317670362073e-01
2.338194672866348810e+03 7.009168180841294816e+04 9.622808682742260977e-01 1.000047340732900913e+00
2.366709124015296766e+03 7.094645487759607204e+04 9.506871702859321926e-01 9.999794933009888975e-01
2.395223575164245176e+03 7.180122794677919592e+04 9.393695116105031939e-01 1.000052534661713510e+00
2.423738026313193132e+03 7.265600101596233435e+04 9.283181497228599754e-01 9.999862225287886597e-01
2.452252477462141087e+03 7.351077408514544368e+04 9.175237952368371364e-01 1.000057487013395585e+00
2.480766928611089043e+03 7.436554715432858211e+04 9.069775858628165155e-01 9.999926423680114418e-01
2.509281379760037453e+03 7.522032022351170599e+04 1.095931298172300838e+00 1.000062214259051174e+00
2.537795830908985408e+03 7.607509329269484442e+04 1.083617510323912514e+00 9.999987736762349089e-01
2.566310282057933364e+03 7.692986636187796830e+04 1.071577361173476239e+00 9.999367428788310530e-01
2.594824733206882229e+03 7.778463943106109218e+04 1.059801829698663544e+00 1.000004635477409698e+00
2.623339184355829730e+03 7.863941250024421606e+04 1.048282287094061793e+00 9.999438894556315072e-01
2.651853635504778140e+03 7.949418556942733994e+04 1.037010475684318589e+00 1.000010245159024258e+00
2.680368086653726095e+03 8.034895863861046382e+04 1.025978489183254405e+00 9.999507319238788439e-01
2.708882537802674506e+03 8.120373170779360225e+04 1.015178754199758782e+00 1.000015618644361837e+00
2.737396988951622461e+03 8.205850477697674069e+04 1.004604012899569909e+00 9.999572892902903742e-01
2.765911440100570871e+03 8.291327784615986457e+04 9.942473067395128927e-01 1.000020770543450732e+00
2.794425891249518827e+03 8.376805091534298845e+04 9.841019611975989623e-01 9.999635790100205313e-01
2.822940342398466782e+03 8.462282398452611233e+04 9.741615714285714045e-01 1.000025714285714296e+00
