8.065543835424191510e-01 2.417794970986460257e+01 2.225423899966018620e-03 6.897935047454171187e-01 2.301088312564863059e-03
2.931295628268306785e+01 8.787097278393215447e+02 2.741829065972436030e+00 2.338410564539510617e+01 2.730253639760062523e+00
5.781935818182370923e+01 1.733241505968778483e+03 9.934812823556262273e+00 4.295625693523957978e+01 9.944892381997117781e+00
8.632576008096435771e+01 2.587773284098235308e+03 2.059227310137305267e+01 5.963536574152286107e+01 2.057020462115128012e+01
1.148321619801049991e+02 3.442305062227692360e+03 3.382847270191586375e+01 7.364764391481357109e+01 3.385495659198831220e+01
1.433385638792456689e+02 4.296836840357149413e+03 4.885840131052099622e+01 8.521503213831790902e+01 4.883751499655394213e+01
1.718449657783862961e+02 5.151368618486606465e+03 6.499445631857633998e+01 9.455391379110010064e+01 6.504027320426790482e+01
2.003513676775269516e+02 6.005900396616063517e+03 8.164232414277465466e+01 1.018739291490401087e+02 8.163008443389983881e+01
2.288577695766676072e+02 6.860432174745519660e+03 9.829615916007232101e+01 1.073769085291454388e+02 9.836160688505421490e+01
2.573641714758082912e+02 7.714963952874977622e+03 1.145331705365488943e+02 1.112559392783571752e+02 1.145337056772887365e+02
2.858705733749488900e+02 8.569495731004433765e+03 1.300077362282413560e+02 1.136945774912994693e+02 1.299395315369824573e+02
3.143769752740895456e+02 9.424027509133889907e+03 1.444451681435094486e+02 1.148662111924505211e+02 1.444600738307580059e+02
3.428833771732302012e+02 1.027855928726334787e+04 1.576352529684265562e+02 1.149335776117157195e+02 1.575806666073943916e+02
3.713897790723708567e+02 1.113309106539280401e+04 1.694256897549277880e+02 1.140484332781763754e+02 1.694547403178506215e+02
3.998961809715115123e+02 1.198762284352226197e+04 1.797155385055673094e+02 1.123513720917293739e+02 1.796762174706822748e+02
4.284025828706521679e+02 1.284215462165171994e+04 1.884487842310610972e+02 1.099717834147370183e+02 1.884905379792605515e+02
4.569089847697928235e+02 1.369668639978117608e+04 1.956081089574732914e+02 1.070279396322375618e+02 1.955840247766346920e+02
4.854153866689334222e+02 1.455121817791063404e+04 2.012089506022173566e+02 1.036272006038857825e+02 2.012612442620788329e+02
5.139217885680740210e+02 1.540574995604009018e+04 2.052939131969830555e+02 2.995989629603773210e+02 2.052839194342233498e+02
5.424281904672145629e+02 1.626028173416954269e+04 2.079275782427629906e+02 2.874955365939777607e+02 2.079879128423517614e+02
5.709345923663553322e+02 1.711481351229900247e+04 2.091917525977274295e+02 2.748017313121929419e+02 2.091940320084251539e+02
5.994409942654959877e+02 1.796934529042846043e+04 2.091811746930632978e+02 2.617203069537013107e+02 2.091305911608579606e+02
6.279473961646365296e+02 1.882387706855791475e+04 2.079996884146366654e+02 2.484280805427166001e+02 2.080120965593145286e+02
6.564537980637771852e+02 1.967840884668736908e+04 2.057568829455076695e+02 2.350777201141856665e+02 2.057212401415443424e+02
6.849601999629178408e+02 2.053294062481682704e+04 2.025651874022132120e+02 2.217995885890665022e+02 2.025855039134978313e+02
7.134666018620586101e+02 2.138747240294628500e+04 1.985374012915958986e+02 2.087036037567541200e+02 1.985144502646276976e+02
7.419730037611991520e+02 2.224200418107574296e+04 1.937846356614447814e+02 1.958810846342600485e+02 1.938107368919822306e+02
7.704794056603398076e+02 2.309653595920519729e+04 1.884146352496411509e+02 1.834065588243987861e+02 1.884021053536465615e+02
7.989858075594804632e+02 2.395106773733465525e+04 1.825304488359145410e+02 1.713395098282074969e+02 1.825604165048768550e+02
8.274922094586212324e+02 2.480559951546411685e+04 1.762294132161813707e+02 1.597260474495685685e+02 1.762251540061433559e+02
8.559986113577617743e+02 2.566013129359356753e+04 1.696024155790399846e+02 1.486004883612088463e+02 1.696345956313486738e+02
8.845050132569024299e+02 2.651466307172302913e+04 1.627333993852182630e+02 1.379868375075728295e+02 1.627354672781314662e+02
9.130114151560430855e+02 2.736919484985248710e+04 1.556990799517490416e+02 1.279001642535366017e+02 1.556752161053279053e+02
9.415178170551837411e+02 2.822372662798194506e+04 1.485688376493381497e+02 1.183478700228067595e+02 1.485755406408711963e+02
9.700242189543243967e+02 2.907825840611139938e+04 1.414047587731013493e+02 1.093308465990164962e+02 1.413889134592681955e+02
9.985306208534649386e+02 2.993279018424085734e+04 1.342617965998622935e+02 1.008445262938751341e+02 1.342717086004526550e+02
1.027037022752605708e+03 3.078732196237030803e+04 1.271880277748222454e+02 1.547997113993274070e+02 1.271784353258652231e+02
1.055543424651746363e+03 3.164185374049977327e+04 1.202249818716321954e+02 1.423733252747250049e+02 1.202369362594654945e+02
1.084049826550886792e+03 3.249638551862922031e+04 1.134080246570949697e+02 1.307689253292033129e+02 1.134031893830065343e+02
1.112556228450027675e+03 3.335091729675867828e+04 1.067667781975163592e+02 1.199566092338765770e+02 1.067798482149774486e+02
1.141062630349168330e+03 3.420544907488813624e+04 1.003255634173782482e+02 1.099036555367236616e+02 1.003242462678483378e+02
1.169569032248308986e+03 3.505998085301759420e+04 9.410385302647489425e+01 1.005753512958266072e+02 9.409048401003761342e+01
1.198075434147449641e+03 3.591451263114705944e+04 8.811672484555724338e+01 9.193570197466438287e+01 8.811792061139024668e+01
1.226581836046590070e+03 3.676904440927651012e+04 8.237530747001106590e+01 8.394803453913424107e+01 8.236624660201627535e+01
1.255088237945730953e+03 3.762357618740596808e+04 7.688721191190360571e+01 7.657550440213367438e+01 7.689012160289350106e+01
1.283594639844871608e+03 3.847810796553542605e+04 7.165694435535847617e+01 6.978151642563977930e+01 7.165115645867628302e+01
1.312101041744012036e+03 3.933263974366487673e+04 6.668629645625154012e+01 6.353006965036567522e+01 6.669029813919738103e+01
1.340607443643152692e+03 4.018717152179433469e+04 6.197471072595549657e+01 5.778603481189171021e+01 6.197136191015326290e+01
1.369113845542293575e+03 4.104170329992379993e+04 5.751961947407325226e+01 5.251537304709151499e+01 5.752423977290727919e+01
1.397620247441434230e+03 4.189623507805325789e+04 5.331675656205189284e+01 4.768530351829895864e+01 5.331518481328311054e+01
1.426126649340574886e+03 4.275076685618271586e+04 4.936044185421421560e+01 4.326442700323806179e+01 4.936532948231120344e+01
1.454633051239715314e+03 4.360529863431215927e+04 4.564383876110495208e+01 3.922281183062359844e+01 4.564352616569063770e+01
1.483139453138855970e+03 4.445983041244162450e+04 4.215918566772382547e+01 3.553204789551300280e+01 4.215460521266835769e+01
1.511645855037996853e+03 4.531436219057108246e+04 3.889800234106833443e+01 4.503138342224908541e+01 3.889854983884740136e+01
1.540152256937137281e+03 4.616889396870053315e+04 3.585127263129359676e+01 4.073605503752775547e+01 3.584824886958956114e+01
1.568658658836277937e+03 4.702342574682999111e+04 3.300960493145715446e+01 3.682560785588931651e+01 3.301071002906284946e+01
1.597165060735418592e+03 4.787795752495944907e+04 3.036337195377246800e+01 3.326888511738120968e+01 3.036149634263430386e+01
1.625671462634559475e+03 4.873248930308890704e+04 2.790283142584581810e+01 3.003679163814346609e+01 2.790426897918391447e+01
1.654177864533700131e+03 4.958702108121836500e+04 2.561822931761406963e+01 2.710222538158699734e+01 2.561718516289388603e+01
1.682684266432840559e+03 5.044155285934782296e+04 2.349988718656540598e+01 2.443999946803498702e+01 2.350149315251709226e+01
1.711190668331981215e+03 5.129608463747727365e+04 2.153827518216716896e+01 2.202675731368591627e+01 2.153781976299388390e+01
1.739697070231122098e+03 5.215061641560673888e+04 1.972407218609678381e+01 1.984088317231212528e+01 1.972573011731503456e+01
1.768203472130262526e+03 5.300514819373618957e+04 1.804821448780938908e+01 1.786240998362864474e+01 1.804816402794977748e+01
1.796709874029403181e+03 5.385967997186564025e+04 1.650193430931039273e+01 1.607292610716770298e+01 1.650050042429034036e+01
1.825216275928543837e+03 5.471421174999510549e+04 1.507678940212620766e+01 1.445548223609737448e+01 1.507700660856928643e+01
1.853722677827684493e+03 5.556874352812456345e+04 1.376468484614821186e+01 1.299449953807951985e+01 1.376375755354493258e+01
1.882229079726825375e+03 5.642327530625402142e+04 1.255788808647287347e+01 1.167567985641632688e+01 1.255827194421470061e+01
1.910735481625965804e+03 5.727780708438347938e+04 1.144903815230843591e+01 1.048591862097521954e+01 1.144847705512544067e+01
1.939241883525106459e+03 5.813233886251293006e+04 1.043114991279446002e+01 9.413220961486091554e+00 1.043162742195045034e+01
1.967748285424247115e+03 5.898687064064239530e+04 9.497614139171671965e+00 8.446621382758300101e+00 9.497312942942382819e+00
1.996254687323387770e+03 5.984140241877184599e+04 8.642194061845154707e+00 7.576107249374739006e+00 8.642713618437584344e+00
2.024761089222528426e+03 6.069593419690130395e+04 7.859019034970232020e+00 8.733273729333124180e+00 7.858898073470474088e+00
2.053267491121669082e+03 6.155046597503076919e+04 7.142575850528114501e+00 7.826937178511031767e+00 7.143101997921769808e+00
2.081773893020809737e+03 6.240499775316022715e+04 6.487698178564195395e+00 7.011962706760452413e+00 6.487698412148345639e+00
2.110280294919950393e+03 6.325952953128968511e+04 5.889554550331459915e+00 6.279496505817705021e+00 5.889132844355843055e+00
2.138786696819091048e+03 6.411406130941915035e+04 5.343635246411795769e+00 5.621495272206435523e+00 5.343713482292830719e+00
2.167293098718231704e+03 6.496859308754858648e+04 4.845738402306621673e+00 5.030658479758939094e+00 4.845470408780985672e+00
2.195799500617372360e+03 6.582312486567805172e+04 4.391955599268585253e+00 4.500365400199752841e+00 4.392080714973764621e+00
2.224305902516513015e+03 6.667765664380750968e+04 3.978657168024659185e+00 4.024616676117922509e+00 3.978498646033040931e+00
2.252812304415653671e+03 6.753218842193695309e+04 3.602477397230208211e+00 3.597980234696221302e+00 3.602627379729802737e+00
2.281318706314794326e+03 6.838672020006642560e+04 3.260299806693551350e+00 3.215541320357830468e+00 3.260217797088065694e+00
2.309825108213934982e+03 6.924125197819588357e+04 2.949242617315086523e+00 2.872856419025618280e+00 2.949402259512758473e+00
2.338331510113076092e+03 7.009578375632534153e+04 2.666644524990302134e+00 2.565910845095714432e+00 2.666614708653257448e+00
2.366837912012216293e+03 7.095031553445479949e+04 2.410050864135606208e+00 2.291079763757445598e+00 2.410209986757545053e+00
2.395344313911357403e+03 7.180484731258425745e+04 2.177200227722632775e+00 2.045092425304334327e+00 2.177204857369359203e+00
2.423850715810497150e+03 7.265937909071370086e+04 1.966011594477997448e+00 1.824999394030889288e+00 1.965893105396145479e+00
2.452357117709638260e+03 7.351391086884315882e+04 1.774571999963315605e+00 1.628142561735256733e+00 1.774598290792253286e+00
2.480863519608778915e+03 7.436844264697261679e+04 1.601124776353531010e+00 1.452127744360378170e+00 1.601050657450836301e+00
2.509369921507919571e+03 7.522297442510207475e+04 1.444058375655379756e+00 1.582532929487719064e+00 1.444097260695744511e+00
2.537876323407060227e+03 7.607750620323153271e+04 1.301895782645744903e+00 1.410712322446594724e+00 1.301852894601953414e+00
2.566382725306200882e+03 7.693203798136100522e+04 1.173284516770924935e+00 1.257229636602654077e+00 1.173329690286390337e+00
2.594889127205341538e+03 7.778656975949044863e+04 1.056987216459365220e+00 1.120169187495785312e+00 1.056965886097074536e+00
2.623395529104482193e+03 7.864110153761990659e+04 9.518727946044770460e-01 9.978099589335921449e-01 9.519199816378204337e-01
2.651901931003622394e+03 7.949563331574936456e+04 8.569081502283292240e-01 8.886065452036078227e-01 8.569013235209408386e-01
2.680408332902763505e+03 8.035016509387880797e+04 7.711504184133061157e-01 7.911718616170719809e-01 7.711968208055597351e-01
2.708914734801904160e+03 8.120469687200828048e+04 6.937397383722017086e-01 7.042614726901199607e-01 6.937423280245466062e-01
2.737421136701044816e+03 8.205922865013773844e+04 6.238925179157163159e-01 6.267593982034753708e-01 6.238603676844112211e-01
2.765927538600185471e+03 8.291376042826719640e+04 5.608951714786392095e-01 5.576652678135182173e-01 5.609035569359630546e-01
2.794433940499326127e+03 8.376829220639663981e+04 5.040983082019506734e-01 4.960827047883828445e-01 5.040784964613613806e-01
2.822940342398466782e+03 8.462282398452611233e+04 4.529113462667405665e-01 4.412088287970378775e-01 4.529229925585016581e-01
