897.9091783	0.000487793
899.3306576	0.000602939
899.6146955	0.000540717
906.6975963	0.000455712
910.8473797	0.000605051
911.1373524	0.000543384
911.2185282	0.000413367
912.9274197	0.000377646
918.9664575	0.000459041
921.8865765	0.000422117
924.9228895	0.000384529
932.0614918	0.000359333
936.7670194	0.000278365
937.8724314	0.000298297
942.5354487	0.000345298
945.0969393	0.00027061
948.0298573	0.000317245
949.9578779	0.000257832
951.2570809	0.000237109
957.0400001	0.000246816
958.4671734	0.000264485
966.1352136	0.00021475
966.1422805	0.000227333
977.5972101	0.00021622
978.9983788	0.000180193
980.5995714	0.000199238
983.6116203	0.000165066
989.7725583	0.000191967
992.2051096	0.000151665
998.5605518	0.000159487
1001.197786	0.00015349
1008.956034	0.000139027
1009.507617	0.000170534
1016.230931	0.000131711
1029.715336	0.000116724
1029.776499	0.000128291
1042.89556	0.000115132
1046.637923	0.000130063
1050.695963	9.72124E-05
1056.894012	8.71478E-05
1057.292017	0.00010492
1062.321752	8.04871E-05
1072.33597	7.39268E-05
1079.587371	6.63471E-05
1083.787239	6.18292E-05
1090.190737	7.36733E-05
1094.145861	6.56832E-05
1098.632904	5.45998E-05
1108.532863	5.04547E-05
1110.226499	6.01733E-05
1117.870379	4.60307E-05
1130.711036	4.28102E-05
1136.476716	3.89295E-05
1151.149636	3.80668E-05
1151.524112	4.27451E-05
1154.347355	3.20473E-05
1159.888619	3.06632E-05
1168.392929	3.48417E-05
1170.059496	2.71997E-05
1180.726385	2.51602E-05
1187.480993	2.07644E-05
1187.659868	2.64773E-05
1187.877261	2.17404E-05
1198.999087	2.33514E-05
1199.139755	2.02474E-05
1211.661027	1.62674E-05
1218.213543	1.85908E-05
1229.197008	1.61483E-05
1230.691933	1.43174E-05
1233.322578	1.36163E-05
1245.528724	1.34688E-05
1254.571246	1.01998E-05
1262.46207	1.27704E-05
1267.349597	1.01949E-05
1280.638766	1.19164E-05
1289.653445	1.05952E-05
1299.706797	9.72291E-06
1306.900147	8.80548E-06
1307.819195	7.84279E-06
1318.030446	7.89396E-06
1319.298712	7.05777E-06
1338.612087	6.74246E-06
1347.947803	7.88385E-06
1353.455801	5.89942E-06
1364.923753	6.87738E-06
1370.88484	5.81006E-06
1382.47987	5.37727E-06
1388.974023	6.43067E-06
1391.724154	4.86778E-06
1398.220637	4.3798E-06
1409.451222	3.67078E-06
1410.241591	4.01302E-06
1415.626921	3.42425E-06
1430.210031	2.95978E-06
1432.169303	3.26435E-06
1443.321513	3.97169E-06
1447.004695	3.53361E-06
1449.651735	2.95589E-06
1451.77682	2.67584E-06
1461.452424	2.46628E-06
1469.840819	3.41192E-06
1481.241327	3.01099E-06
1489.567011	2.78842E-06
1491.392191	2.49698E-06
1501.291275	2.31161E-06
1504.696092	2.11024E-06
1512.434104	1.91713E-06
1520.323153	1.78701E-06
1563.40209	9.74003E-07
1563.675749	8.85405E-07
1563.928869	1.43426E-06
1569.017065	1.27417E-06
1574.267464	1.06582E-06
1585.306382	8.70475E-07
1587.159774	1.45472E-06
1590.615897	1.00728E-06
1595.203573	1.17087E-06
1622.995773	9.35652E-07
1634.827011	1.13699E-06
1653.857879	8.49769E-07
1676.59628	7.38876E-07
1693.291649	8.37016E-07
1715.36362	6.8667E-07
1742.48691	8.181E-07
1756.226808	7.1821E-07
1774.483525	6.85722E-07
1782.474399	7.80769E-07
1813.382419	6.66004E-07
1860.63945	6.99375E-07
1889.195988	6.83577E-07
1914.7291	6.34316E-07
1922.255675	7.30075E-07
1940.785918	6.45103E-07
1976.205269	7.27278E-07
1992.934123	6.45414E-07
2038.16117	5.79703E-07
2064.392207	6.20552E-07
2117.206242	6.05314E-07
2181.246713	5.74517E-07
2219.270212	5.44357E-07
2241.005417	6.18608E-07
2259.133596	5.07542E-07
2316.322188	4.23053E-07
2321.646005	4.62983E-07
2368.306953	4.18961E-07
2377.51054	3.79346E-07
2436.917591	3.75323E-07
2440.436787	4.78062E-07
2453.78533	4.25639E-07
2572.031266	4.01562E-07
2588.495383	3.7134E-07
2679.788016	3.80345E-07
2778.599472	3.66351E-07
2891.993062	3.51721E-07
2925.352164	3.7493E-07
3009.796237	3.67393E-07
3045.6735	3.4114E-07
3107.373848	3.96804E-07
3188.418615	3.51045E-07
3228.650859	3.85503E-07
3389.67356	3.92082E-07
3447.828775	3.06707E-07
3554.982304	3.65918E-07
3586.212764	3.03251E-07
3646.405296	3.28504E-07
3715.457993	2.74198E-07
3838.862198	3.15735E-07
3923.93778	2.71144E-07
4073.215911	2.95158E-07
4251.01274	2.79625E-07
4338.76855	3.18587E-07
4436.847492	2.66369E-07
4502.285727	2.39586E-07
4548.829154	3.10176E-07
4685.725122	2.54642E-07
4793.963222	2.81463E-07
4885.396962	2.38383E-07
4898.746276	2.16811E-07
5083.427884	2.51362E-07
5234.325733	2.0764E-07
5346.400254	1.94619E-07
5349.21592	1.78961E-07
5409.839256	1.66339E-07
5712.016471	2.08726E-07
5743.094012	1.81191E-07
5752.841498	1.54979E-07
5862.446047	1.39362E-07
5912.414168	1.27736E-07
6106.182013	1.44886E-07
6263.61969	1.25722E-07
6300.401379	1.12692E-07
6769.412815	1.42602E-07
6925.505574	1.01672E-07
7229.768609	1.26321E-07
7252.211485	8.77207E-08
7539.129411	9.63247E-08
7799.884786	8.70724E-08
8241.615222	7.7446E-08
8306.446579	8.13353E-08
8823.541972	8.51447E-08
9082.383259	7.56324E-08
9542.490086	6.91096E-08
10084.87164	6.59288E-08
10293.87538	5.43147E-08
10569.93676	7.13453E-08
10595.26516	5.0537E-08
11733.80202	6.53324E-08
11765.05332	5.84078E-08
12152.24953	4.89212E-08
14307.15854	5.68005E-08
14503.54033	5.11858E-08
14537.35732	6.53123E-08
17037.54069	7.5758E-08
17184.48425	8.74005E-08
17606.74251	6.88831E-08
17856.73679	5.95899E-08
18247.73735	6.33836E-08
19728.0127	7.78292E-08
22710.99831	9.01877E-08
24480.14653	6.33787E-08
24732.88797	8.47841E-08
25373.54732	1.50769E-07
26136.84334	1.00056E-07
26333.72717	6.99593E-08
26871.09952	1.10004E-07
26906.26993	1.23307E-07
27584.96472	1.38684E-07
31538.44501	1.50461E-07
33742.7287	1.22687E-07
37849.32716	1.63348E-07
39099.60347	1.83092E-07
42868.35973	1.36761E-07
59078.75881	1.63259E-07
64332.7335	1.85252E-07
93744.1078	1.57695E-07
