1.394904667969628917e+02 2.500000000000000000e+01 5.872649758549828292e-01 2.950535420745383135e+02 5.884936571940966330e-06
7.271311567075724724e+01 4.795918367346938282e+01 5.872257356556116470e-01 2.950278856765074238e+02 5.879091523058282666e-06
4.917289836727469776e+01 7.091836734693876565e+01 5.872041349512293618e-01 2.950188522394908546e+02 5.877034662905628538e-06
3.714691778832163749e+01 9.387755102040816269e+01 5.871899248647696190e-01 2.950142394835131654e+02 5.875984594662411066e-06
2.984730512249424450e+01 1.168367346938775455e+02 5.871787265549185397e-01 2.950114403104824419e+02 5.875347453957804922e-06
2.494537544909190530e+01 1.397959183673469283e+02 5.871701861174610793e-01 2.950095608638988551e+02 5.874919691049774864e-06
2.142643533871843786e+01 1.627551020408163254e+02 5.871725094327417960e-01 2.950082117372175503e+02 5.874612645037675674e-06
1.877756283805269533e+01 1.857142857142856940e+02 5.871468385289005942e-01 2.950071964693880204e+02 5.874381590264027324e-06
1.671157181675105718e+01 2.086734693877550910e+02 5.871569976930770540e-01 2.950064044363421090e+02 5.874201344494909727e-06
1.505513848689687428e+01 2.316326530612244881e+02 5.871550303122929915e-01 2.950057695153190593e+02 5.874056856560883614e-06
1.369746066743723922e+01 2.545918367346938567e+02 5.871474621388919068e-01 2.950052491594731237e+02 5.873938442222177696e-06
1.256439866369702507e+01 2.775510204081632537e+02 5.870954522692810595e-01 2.950048151166045614e+02 5.873839671129756135e-06
1.160447007309198852e+01 3.005102040816326507e+02 5.870788808042904927e-01 2.950044472520954173e+02 5.873755960702888167e-06
1.078080894803025558e+01 3.234693877551020478e+02 5.871988832810540737e-01 2.950041310625372830e+02 5.873684010099116830e-06
1.006632234617258170e+01 3.464285714285713880e+02 5.872846481665221496e-01 2.950038569186032760e+02 5.873621627787687882e-06
9.440653139573456087e+00 3.693877551020407850e+02 5.872642032833819137e-01 2.950036172344476313e+02 5.873567087354684578e-06
8.888209197725855049e+00 3.923469387755101820e+02 5.871279904391869531e-01 2.950034059917822447e+02 5.873519019165183524e-06
8.396846281389658273e+00 4.153061224489795791e+02 5.869341086907710059e-01 2.950032182900004614e+02 5.873476307967252644e-06
7.956964927882632210e+00 4.382653061224489761e+02 5.867561463140684719e-01 2.950030502090250479e+02 5.873438061665453923e-06
7.560877071959272833e+00 4.612244897959183163e+02 5.867102304889376674e-01 2.950028984881832912e+02 5.873403538237499866e-06
7.202352869390076684e+00 4.841836734693877133e+02 5.868085854995471751e-01 2.950027607667410052e+02 5.873372200457907192e-06
6.876290616751691509e+00 5.071428571428571104e+02 5.869966512980087092e-01 2.950026352844091093e+02 5.873343647742712148e-06
6.578472447594977623e+00 5.301020408163265074e+02 5.872336433263473099e-01 2.950025205518180655e+02 5.873317541163635066e-06
6.305380879198507316e+00 5.530612244897959044e+02 5.874857873082851567e-01 2.950024153102128253e+02 5.873293594274555995e-06
6.054059232109106681e+00 5.760204081632653015e+02 5.877164693972591891e-01 2.950023185078534311e+02 5.873271567739786760e-06
5.822004150810205836e+00 5.989795918367346985e+02 5.879029561380366697e-01 2.950022292238092518e+02 5.873251251992648537e-06
5.607081930312699747e+00 6.219387755102040956e+02 5.880277303113772280e-01 2.950021466621242325e+02 5.873232465906903220e-06
5.407462716021504967e+00 6.448979591836733789e+02 5.880742290544735962e-01 2.950020701382669017e+02 5.873215053712742881e-06
5.221568275822140670e+00 6.678571428571427759e+02 5.880334524745191027e-01 2.950019990470801190e+02 5.873198877703443921e-06
5.048030186891567794e+00 6.908163265306121730e+02 5.879033535372535368e-01 2.950019328507792693e+02 5.873183815504077984e-06
4.885656092245305615e+00 7.137755102040815700e+02 5.876906127865332286e-01 2.950018710648629963e+02 5.873169756865244079e-06
4.733402266655943436e+00 7.367346938775509670e+02 5.874066434032535478e-01 2.950018132568723104e+02 5.873156603380458575e-06
4.590351157186824516e+00 7.596938775510203641e+02 5.870678842955185939e-01 2.950017590379755461e+02 5.873144266571167866e-06
4.455692876826064186e+00 7.826530612244897611e+02 5.866932050820378164e-01 2.950017080608604374e+02 5.873132667406894890e-06
4.328709862603662195e+00 8.056122448979591582e+02 5.863031909166731559e-01 2.950016600149429564e+02 5.873121735214935780e-06
4.208764084391121152e+00 8.285714285714285552e+02 5.859182968727468799e-01 2.950016146241774777e+02 5.873111407181963980e-06
4.095286322978538784e+00 8.515306122448979522e+02 5.855582078181466033e-01 2.950015716433861144e+02 5.873101627518667722e-06
3.987767137136045026e+00 8.744897959183673493e+02 5.852437606364244704e-01 2.950015308513278001e+02 5.873092345882626344e-06
3.885749217197943306e+00 8.974489795918366326e+02 5.849973846780258668e-01 2.950014920470062521e+02 5.873083516538249271e-06
3.788820883066065903e+00 9.204081632653060296e+02 5.848351718568168822e-01 2.950014550585129314e+02 5.873075100368686792e-06
3.696610531666404853e+00 9.433673469387754267e+02 5.847580211858610655e-01 2.950014197518970036e+02 5.873067066894046140e-06
3.608781875950993534e+00 9.663265306122448237e+02 5.847551524123250077e-01 2.950013860219044091e+02 5.873059392164121753e-06
3.525029846854657922e+00 9.892857142857142208e+02 5.848167617818577080e-01 2.950013537718010070e+02 5.873052054167491948e-06
3.445077052949184537e+00 1.012244897959183618e+03 5.849354621989394376e-01 2.950013229105175014e+02 5.873045032181753169e-06
3.368670711213002544e+00 1.035204081632653015e+03 5.851011889654172959e-01 2.950012933584837356e+02 5.873038308101110300e-06
3.295579977363154445e+00 1.058163265306122412e+03 5.853054021369068494e-01 2.950012650411437107e+02 5.873031864960725839e-06
3.225593616352610660e+00 1.081122448979591809e+03 5.855403174893216711e-01 2.950012378893515574e+02 5.873025687026882324e-06
3.158517963517182281e+00 1.104081632653061206e+03 5.857969330229085836e-01 2.950012118411527808e+02 5.873019760202190186e-06
3.094175134925840176e+00 1.127040816326530603e+03 5.860673589359645108e-01 2.950011868383289766e+02 5.873014071239447151e-06
3.032401452107888584e+00 1.150000000000000000e+03 5.863448148478990207e-01 2.950011628260279508e+02 5.873008607657419455e-06
