1.394904667969628917e+02 2.500000000000000000e+01 6.110275343239377488e-01 2.950523207809443988e+02 5.884658227810308928e-06
7.271311567075724724e+01 4.795918367346938282e+01 5.895526746629755621e-01 2.950278221401144947e+02 5.879077054124044746e-06
4.917289836727469776e+01 7.091836734693876565e+01 5.794043036163941673e-01 2.950189976151438032e+02 5.877067759380719777e-06
3.714691778832163749e+01 9.387755102040816269e+01 5.731953627264415596e-01 2.950144376791492959e+02 5.876029709613995792e-06
2.984730512249424450e+01 1.168367346938775455e+02 5.688842422231009666e-01 2.950116493448358028e+02 5.875395031860749776e-06
2.494537544909190530e+01 1.397959183673469283e+02 5.656592034248179024e-01 2.950097669204980662e+02 5.874966588372560668e-06
2.142643533871843786e+01 1.627551020408163254e+02 5.631269774246877580e-01 2.950084100629242698e+02 5.874657780900993609e-06
1.877756283805269533e+01 1.857142857142856940e+02 5.610707672566800364e-01 2.950073853345627981e+02 5.874424571655377675e-06
1.671157181675105718e+01 2.086734693877550910e+02 5.593592201787334073e-01 2.950065839165421835e+02 5.874242189040713549e-06
1.505513848689687428e+01 2.316326530612244881e+02 5.579075174175284202e-01 2.950059398798216534e+02 5.874095625843007763e-06
1.369746066743723922e+01 2.545918367346938567e+02 5.566576289477074280e-01 2.950054109433268081e+02 5.873975258217266317e-06
1.256439866369702507e+01 2.775510204081632537e+02 5.555684024613715133e-01 2.950049687379442389e+02 5.873874629150353402e-06
1.160447007309198852e+01 3.005102040816326507e+02 5.546093541548483552e-01 2.950045935184814425e+02 5.873789244637445590e-06
1.078080894803025558e+01 3.234693877551020478e+02 5.537575307648922029e-01 2.950042711153785149e+02 5.873715879773067367e-06
1.006632234617258170e+01 3.464285714285713880e+02 5.529956494802276135e-01 2.950039910938770049e+02 5.873652159723466907e-06
9.440653139573456087e+00 3.693877551020407850e+02 5.523099562325822776e-01 2.950037456010232972e+02 5.873596297279497566e-06
8.888209197725855049e+00 3.923469387755101820e+02 5.516888355817309852e-01 2.950035286149771423e+02 5.873546921987797988e-06
8.396846281389658273e+00 4.153061224489795791e+02 5.511235729311209086e-01 2.950033354361203806e+02 5.873502964323017626e-06
7.956964927882632210e+00 4.382653061224489761e+02 5.506069614152658831e-01 2.950031623450746565e+02 5.873463577851025098e-06
7.560877071959272833e+00 4.612244897959183163e+02 5.501325799779490655e-01 2.950030063608593309e+02 5.873428084185882416e-06
7.202352869390076684e+00 4.841836734693877133e+02 5.496951717894622558e-01 2.950028650646735855e+02 5.873395932883480376e-06
6.876290616751691509e+00 5.071428571428571104e+02 5.492906227198970370e-01 2.950027364726632868e+02 5.873366672484421294e-06
6.578472447594977623e+00 5.301020408163265074e+02 5.489155046827089990e-01 2.950026189429198666e+02 5.873339929348070034e-06
6.305380879198507316e+00 5.530612244897959044e+02 5.485667514606483719e-01 2.950025111053153068e+02 5.873315391683884008e-06
6.054059232109106681e+00 5.760204081632653015e+02 5.482416060139528868e-01 2.950024118074562693e+02 5.873292797251597770e-06
5.822004150810205836e+00 5.989795918367346985e+02 5.479376690187335308e-01 2.950023200728303436e+02 5.873271923836120685e-06
5.607081930312699747e+00 6.219387755102040956e+02 5.476529056348780067e-01 2.950022350683191235e+02 5.873252581854311493e-06
5.407462716021504967e+00 6.448979591836733789e+02 5.473855876911396523e-01 2.950021560787947124e+02 5.873234608573608293e-06
5.221568275822140670e+00 6.678571428571427759e+02 5.471342107212022743e-01 2.950020824870099432e+02 5.873217863535700954e-06
5.048030186891567794e+00 6.908163265306121730e+02 5.468974245946733870e-01 2.950020137574723549e+02 5.873202224886661771e-06
4.885656092245305615e+00 7.137755102040815700e+02 5.466739930911738155e-01 2.950019494233735031e+02 5.873187586402397840e-06
4.733402266655943436e+00 7.367346938775509670e+02 5.464627788537095299e-01 2.950018890759141073e+02 5.873173855059466447e-06
4.590351157186824516e+00 7.596938775510203641e+02 5.462627426792536767e-01 2.950018323555381698e+02 5.873160949040154925e-06
4.455692876826064186e+00 7.826530612244897611e+02 5.460729468299089229e-01 2.950017789447028349e+02 5.873148796087215719e-06
4.328709862603662195e+00 8.056122448979591582e+02 5.458925560318610426e-01 2.950017285618887968e+02 5.873137332140847223e-06
4.208764084391121152e+00 8.285714285714285552e+02 5.457208338008067150e-01 2.950016809566149618e+02 5.873126500204169383e-06
4.095286322978538784e+00 8.515306122448979522e+02 5.455571343796371542e-01 2.950016359052667667e+02 5.873116249393921682e-06
3.987767137136045026e+00 8.744897959183673493e+02 5.454008918070634149e-01 2.950015932075863816e+02 5.873106534141819494e-06
3.885749217197943306e+00 8.974489795918366326e+02 5.452516078615610162e-01 2.950015526837038919e+02 5.873097313518867431e-06
3.788820883066065903e+00 9.204081632653060296e+02 5.451088403132469118e-01 2.950015141716122002e+02 5.873088550660873645e-06
3.696610531666404853e+00 9.433673469387754267e+02 5.449721924205268575e-01 2.950014775250087382e+02 5.873080212277217307e-06
3.608781875950993534e+00 9.663265306122448237e+02 5.448413041345356866e-01 2.950014426114428261e+02 5.873072268229268448e-06
3.525029846854657922e+00 9.892857142857142208e+02 5.447158451122974254e-01 2.950014093107178041e+02 5.873064691166862598e-06
3.445077052949184537e+00 1.012244897959183618e+03 5.445955094067277402e-01 2.950013775135089418e+02 5.873057456213717827e-06
3.368670711213002544e+00 1.035204081632653015e+03 5.444800115797250317e-01 2.950013471201629613e+02 5.873050540694294575e-06
3.295579977363154445e+00 1.058163265306122412e+03 5.443690839435467721e-01 2.950013180396523467e+02 5.873043923895832755e-06
3.225593616352610660e+00 1.081122448979591809e+03 5.442624746454370888e-01 2.950012901886619261e+02 5.873037586860505117e-06
3.158517963517182281e+00 1.104081632653061206e+03 5.441599463477309051e-01 2.950012634907886309e+02 5.873031512203347511e-06
3.094175134925840176e+00 1.127040816326530603e+03 5.440612753035497517e-01 2.950012378758383420e+02 5.873025683952179831e-06
3.032401452107888584e+00 1.150000000000000000e+03 5.439662506765161609e-01 2.950012132792074340e+02 5.873020087406951105e-06
