1.394904667969628917e+02 2.500000000000000000e+01 1.359768839336331732e-17
7.271311567075724724e+01 4.795918367346938282e+01 1.439851872009174911e-17
4.917289836727469776e+01 7.091836734693876565e+01 1.818047801523852280e-17
3.714691778832163749e+01 9.387755102040816269e+01 1.344171500169909265e-17
2.984730512249424450e+01 1.168367346938775455e+02 1.697350718132350733e-17
2.494537544909190530e+01 1.397959183673469283e+02 1.477427898831879682e-17
2.142643533871843786e+01 1.627551020408163254e+02 1.073486860278555508e-17
1.877756283805269533e+01 1.857142857142856940e+02 1.368801459523137604e-17
1.671157181675105718e+01 2.086734693877550910e+02 1.312358294262145850e-17
1.505513848689687428e+01 2.316326530612244881e+02 1.457525100158432911e-17
1.369746066743723922e+01 2.545918367346938567e+02 1.547234881804782980e-17
1.256439866369702507e+01 2.775510204081632537e+02 1.777828420107506619e-17
1.160447007309198852e+01 3.005102040816326507e+02 1.485645080194224743e-17
1.078080894803025558e+01 3.234693877551020478e+02 1.083352654515206278e-17
1.006632234617258170e+01 3.464285714285713880e+02 1.115655123881254945e-17
9.440653139573456087e+00 3.693877551020407850e+02 1.599739944201443437e-17
8.888209197725855049e+00 3.923469387755101820e+02 1.478423835078531653e-17
8.396846281389658273e+00 4.153061224489795791e+02 9.938509473690825431e-18
7.956964927882632210e+00 4.382653061224489761e+02 1.023540171887345205e-17
7.560877071959272833e+00 4.612244897959183163e+02 1.423250905583104720e-17
7.202352869390076684e+00 4.841836734693877133e+02 1.490460891106618838e-17
6.876290616751691509e+00 5.071428571428571104e+02 1.511827517598175215e-17
6.578472447594977623e+00 5.301020408163265074e+02 1.642754999227351118e-17
6.305380879198507316e+00 5.530612244897959044e+02 1.303077699844598763e-17
6.054059232109106681e+00 5.760204081632653015e+02 1.241746261758407765e-17
5.822004150810205836e+00 5.989795918367346985e+02 1.436739067835366560e-17
5.607081930312699747e+00 6.219387755102040956e+02 1.522105384034050078e-17
5.407462716021504967e+00 6.448979591836733789e+02 1.488125037584232672e-17
5.221568275822140670e+00 6.678571428571427759e+02 1.403075729257035853e-17
5.048030186891567794e+00 6.908163265306121730e+02 1.512645328932676731e-17
4.885656092245305615e+00 7.137755102040815700e+02 1.193478124226008290e-17
4.733402266655943436e+00 7.367346938775509670e+02 1.413435894252968429e-17
4.590351157186824516e+00 7.596938775510203641e+02 1.814361628614822252e-17
4.455692876826064186e+00 7.826530612244897611e+02 1.671304999547351980e-17
4.328709862603662195e+00 8.056122448979591582e+02 1.548289201509259500e-17
4.208764084391121152e+00 8.285714285714285552e+02 1.625719711727455815e-17
4.095286322978538784e+00 8.515306122448979522e+02 1.638576559243887974e-17
3.987767137136045026e+00 8.744897959183673493e+02 1.633961075578306789e-17
3.885749217197943306e+00 8.974489795918366326e+02 1.584949846386065516e-17
3.788820883066065903e+00 9.204081632653060296e+02 1.610190229468363301e-17
3.696610531666404853e+00 9.433673469387754267e+02 1.405528843032467067e-17
3.608781875950993534e+00 9.663265306122448237e+02 1.726357680002539527e-17
3.525029846854657922e+00 9.892857142857142208e+02 1.795129182949060752e-17
3.445077052949184537e+00 1.012244897959183618e+03 1.657441816347693101e-17
3.368670711213002544e+00 1.035204081632653015e+03 1.428500409140222412e-17
3.295579977363154445e+00 1.058163265306122412e+03 1.651707119398738931e-17
3.225593616352610660e+00 1.081122448979591809e+03 1.570343690483438227e-17
3.158517963517182281e+00 1.104081632653061206e+03 1.289526422949231159e-17
3.094175134925840176e+00 1.127040816326530603e+03 1.508442272209717674e-17
3.032401452107888584e+00 1.150000000000000000e+03 1.343076411920026324e-17
