1.394904667969628917e+02 2.500000000000000000e+01 5.870897734985043304e-01
7.271311567075724724e+01 4.795918367346938282e+01 5.870898529177959180e-01
4.917289836727469776e+01 7.091836734693876565e+01 5.870939213010012425e-01
3.714691778832163749e+01 9.387755102040816269e+01 5.870908650408128704e-01
2.984730512249424450e+01 1.168367346938775455e+02 5.870904388714548450e-01
2.494537544909190530e+01 1.397959183673469283e+02 5.870896599108621494e-01
2.142643533871843786e+01 1.627551020408163254e+02 5.871002219932345279e-01
1.877756283805269533e+01 1.857142857142856940e+02 5.870803422999771870e-01
1.671157181675105718e+01 2.086734693877550910e+02 5.870962366130221266e-01
1.505513848689687428e+01 2.316326530612244881e+02 5.870981688029420775e-01
1.369746066743723922e+01 2.545918367346938567e+02 5.870886022102812518e-01
1.256439866369702507e+01 2.775510204081632537e+02 5.870421901608769977e-01
1.160447007309198852e+01 3.005102040816326507e+02 5.870391930426372973e-01
1.078080894803025558e+01 3.234693877551020478e+02 5.871632260548103055e-01
1.006632234617258170e+01 3.464285714285713880e+02 5.872418557538414685e-01
9.440653139573456087e+00 3.693877551020407850e+02 5.872112705366320240e-01
8.888209197725855049e+00 3.923469387755101820e+02 5.870700978778532475e-01
8.396846281389658273e+00 4.153061224489795791e+02 5.868780554618238110e-01
7.956964927882632210e+00 4.382653061224489761e+02 5.867103517455853900e-01
7.560877071959272833e+00 4.612244897959183163e+02 5.866827440382393899e-01
7.202352869390076684e+00 4.841836734693877133e+02 5.867943585795454275e-01
6.876290616751691509e+00 5.071428571428571104e+02 5.869937502326926237e-01
6.578472447594977623e+00 5.301020408163265074e+02 5.872376150513201054e-01
6.305380879198507316e+00 5.530612244897959044e+02 5.874920202505677924e-01
6.054059232109106681e+00 5.760204081632653015e+02 5.877206906240572959e-01
5.822004150810205836e+00 5.989795918367346985e+02 5.879019557269861140e-01
5.607081930312699747e+00 6.219387755102040956e+02 5.880177838310609584e-01
5.407462716021504967e+00 6.448979591836733789e+02 5.880517956212815145e-01
5.221568275822140670e+00 6.678571428571427759e+02 5.879954575458551380e-01
5.048030186891567794e+00 6.908163265306121730e+02 5.878486740474152539e-01
4.885656092245305615e+00 7.137755102040815700e+02 5.876193746295245157e-01
4.733402266655943436e+00 7.367346938775509670e+02 5.873210423895846022e-01
4.590351157186824516e+00 7.596938775510203641e+02 5.869714133828722868e-01
4.455692876826064186e+00 7.826530612244897611e+02 5.865902873622171887e-01
4.328709862603662195e+00 8.056122448979591582e+02 5.861986709963099562e-01
4.208764084391121152e+00 8.285714285714285552e+02 5.858167939129860224e-01
4.095286322978538784e+00 8.515306122448979522e+02 5.854643167027443473e-01
3.987767137136045026e+00 8.744897959183673493e+02 5.851624385976783582e-01
3.885749217197943306e+00 8.974489795918366326e+02 5.849330913851001901e-01
3.788820883066065903e+00 9.204081632653060296e+02 5.847902413421739443e-01
3.696610531666404853e+00 9.433673469387754267e+02 5.847321316383552459e-01
3.608781875950993534e+00 9.663265306122448237e+02 5.847468843865023524e-01
3.525029846854657922e+00 9.892857142857142208e+02 5.848251363212872977e-01
3.445077052949184537e+00 1.012244897959183618e+03 5.849589284248267740e-01
3.368670711213002544e+00 1.035204081632653015e+03 5.851375241352635426e-01
3.295579977363154445e+00 1.058163265306122412e+03 5.853528275084066701e-01
3.225593616352610660e+00 1.081122448979591809e+03 5.855967064486388152e-01
3.158517963517182281e+00 1.104081632653061206e+03 5.858602263659916654e-01
3.094175134925840176e+00 1.127040816326530603e+03 5.861355973285833354e-01
3.032401452107888584e+00 1.150000000000000000e+03 5.864163267773534471e-01
