1.394904667969628917e+02 2.500000000000000000e+01 1.776787603927124926e-01 8.864432025102959856e-02 3.790260002395469314e+02 3.738541908581844382e+02
7.271311567075724724e+01 4.795918367346938282e+01 1.776787603927124926e-01 8.866136376906906535e-02 3.790260002395469314e+02 3.738551808776235248e+02
4.917289836727469776e+01 7.091836734693876565e+01 1.776787603927124926e-01 8.866447862051207718e-02 3.790260002395469314e+02 3.738553618123032720e+02
3.714691778832163749e+01 9.387755102040816269e+01 1.776787603927124926e-01 8.866426479231728774e-02 3.790260002395469314e+02 3.738553493915067634e+02
2.984730512249424450e+01 1.168367346938775455e+02 1.776787603927124926e-01 8.870878558943587344e-02 3.790260002395469314e+02 3.738579355039800589e+02
2.494537544909190530e+01 1.397959183673469283e+02 1.776787603927124926e-01 8.876449356909170418e-02 3.790260002395469314e+02 3.738611714546003668e+02
2.142643533871843786e+01 1.627551020408163254e+02 1.776787603927124926e-01 8.835498380100917371e-02 3.790260002395469314e+02 3.738373839577961917e+02
1.877756283805269533e+01 1.857142857142856940e+02 1.776787603927124926e-01 8.822138455877419350e-02 3.790260002395469314e+02 3.738296234797920192e+02
1.671157181675105718e+01 2.086734693877550910e+02 1.776787603927124926e-01 9.011557844514021809e-02 3.790260002395469314e+02 3.739396529211636562e+02
1.505513848689687428e+01 2.316326530612244881e+02 1.776787603927124926e-01 8.980296847537834470e-02 3.790260002395469314e+02 3.739214941146192928e+02
1.369746066743723922e+01 2.545918367346938567e+02 1.776787603927124926e-01 8.738863898520989049e-02 3.790260002395469314e+02 3.737812511716964536e+02
1.256439866369702507e+01 2.775510204081632537e+02 1.776787603927124926e-01 8.556503010277762000e-02 3.790260002395469314e+02 3.736753218536585450e+02
1.160447007309198852e+01 3.005102040816326507e+02 1.776787603927124926e-01 8.538240060161540745e-02 3.790260002395469314e+02 3.736647133187374266e+02
1.078080894803025558e+01 3.234693877551020478e+02 1.776787603927124926e-01 8.619693259511129746e-02 3.790260002395469314e+02 3.737120276411353075e+02
1.006632234617258170e+01 3.464285714285713880e+02 1.776787603927124926e-01 8.728478381895848903e-02 3.790260002395469314e+02 3.737752184598350027e+02
9.440653139573456087e+00 3.693877551020407850e+02 1.776787603927124926e-01 8.853759071625563748e-02 3.790260002395469314e+02 3.738479911807525014e+02
8.888209197725855049e+00 3.923469387755101820e+02 1.776787603927124926e-01 9.014309567320374916e-02 3.790260002395469314e+02 3.739412513347440949e+02
8.396846281389658273e+00 4.153061224489795791e+02 1.776787603927124926e-01 9.211524205185618597e-02 3.790260002395469314e+02 3.740558088601949862e+02
7.956964927882632210e+00 4.382653061224489761e+02 1.776787603927124926e-01 9.402684949130718506e-02 3.790260002395469314e+02 3.741668498155050884e+02
7.560877071959272833e+00 4.612244897959183163e+02 1.776787603927124648e-01 9.520057364784514919e-02 3.790260002395469314e+02 3.742350287987643469e+02
7.202352869390076684e+00 4.841836734693877133e+02 1.776787603927124926e-01 9.512543822892077783e-02 3.790260002395469314e+02 3.742306643521092155e+02
6.876290616751691509e+00 5.071428571428571104e+02 1.776787603927124926e-01 9.372644148202669001e-02 3.790260002395469314e+02 3.741493997932647062e+02
6.578472447594977623e+00 5.301020408163265074e+02 1.776787603927124926e-01 9.136284605856014041e-02 3.790260002395469314e+02 3.740121038776013052e+02
6.305380879198507316e+00 5.530612244897959044e+02 1.776787603927124926e-01 8.862776324083830592e-02 3.790260002395469314e+02 3.738532290988866293e+02
6.054059232109106681e+00 5.760204081632653015e+02 1.776787603927124926e-01 8.610447663294711063e-02 3.790260002395469314e+02 3.737066570832734556e+02
5.822004150810205836e+00 5.989795918367346985e+02 1.776787603927124926e-01 8.420902967488934354e-02 3.790260002395469314e+02 3.735965548537995460e+02
5.607081930312699747e+00 6.219387755102040956e+02 1.776787603927124926e-01 8.315311253553907267e-02 3.790260002395469314e+02 3.735352190138870014e+02
5.407462716021504967e+00 6.448979591836733789e+02 1.776787603927124926e-01 8.298468359178512443e-02 3.790260002395469314e+02 3.735254353572479431e+02
5.221568275822140670e+00 6.678571428571427759e+02 1.776787603927124926e-01 8.364941922183462275e-02 3.790260002395469314e+02 3.735640483474811617e+02
5.048030186891567794e+00 6.908163265306121730e+02 1.776787603927124926e-01 8.504074272227896136e-02 3.790260002395469314e+02 3.736448671847834362e+02
4.885656092245305615e+00 7.137755102040815700e+02 1.776787603927124926e-01 8.703128940342180764e-02 3.790260002395469314e+02 3.737604935422153858e+02
4.733402266655943436e+00 7.367346938775509670e+02 1.776787603927124926e-01 8.948981687618612346e-02 3.790260002395469314e+02 3.739033038460455032e+02
4.590351157186824516e+00 7.596938775510203641e+02 1.776787603927124926e-01 9.228925016636019274e-02 3.790260002395469314e+02 3.740659165982522154e+02
4.455692876826064186e+00 7.826530612244897611e+02 1.776787603927124926e-01 9.531012415974800256e-02 3.790260002395469314e+02 3.742413923403813669e+02
4.328709862603662195e+00 8.056122448979591582e+02 1.776787603927124926e-01 9.844197409962833489e-02 3.790260002395469314e+02 3.744233144244009850e+02
4.208764084391121152e+00 8.285714285714285552e+02 1.776787603927124926e-01 1.015839522918495358e-01 3.790260002395469314e+02 3.746058248357059597e+02
4.095286322978538784e+00 8.515306122448979522e+02 1.776787603927124926e-01 1.046452254013068295e-01 3.790260002395469314e+02 3.747836472711725833e+02
3.987767137136045026e+00 8.744897959183673493e+02 1.776787603927124926e-01 1.075453502393343558e-01 3.790260002395469314e+02 3.749521089677987788e+02
3.885749217197943306e+00 8.974489795918366326e+02 1.776787603927124926e-01 1.102146461844478037e-01 3.790260002395469314e+02 3.751071623357831868e+02
3.788820883066065903e+00 9.204081632653060296e+02 1.776787603927124926e-01 1.125945130132574162e-01 3.790260002395469314e+02 3.752454034206043048e+02
3.696610531666404853e+00 9.433673469387754267e+02 1.776787603927124926e-01 1.146376300756435235e-01 3.790260002395469314e+02 3.753640834726567164e+02
3.608781875950993534e+00 9.663265306122448237e+02 1.776787603927124926e-01 1.163079844668993834e-01 3.790260002395469314e+02 3.754611105837066702e+02
3.525029846854657922e+00 9.892857142857142208e+02 1.776787603927124926e-01 1.175806969009429576e-01 3.790260002395469314e+02 3.755350395722608710e+02
3.445077052949184537e+00 1.012244897959183618e+03 1.776787603927124926e-01 1.184416350962410602e-01 3.790260002395469314e+02 3.755850495260285129e+02
3.368670711213002544e+00 1.035204081632653015e+03 1.776787603927124926e-01 1.188868200999006336e-01 3.790260002395469314e+02 3.756109093166298294e+02
3.295579977363154445e+00 1.058163265306122412e+03 1.776787603927124648e-01 1.189216406349142691e-01 3.790260002395469314e+02 3.756129319628031453e+02
3.225593616352610660e+00 1.081122448979591809e+03 1.776787603927124926e-01 1.185598975842342973e-01 3.790260002395469314e+02 3.755919191266448252e+02
3.158517963517182281e+00 1.104081632653061206e+03 1.776787603927124926e-01 1.178227064185515816e-01 3.790260002395469314e+02 3.755490973581194112e+02
3.094175134925840176e+00 1.127040816326530603e+03 1.776787603927124926e-01 1.167372901077313313e-01 3.790260002395469314e+02 3.754860479780138007e+02
3.032401452107888584e+00 1.150000000000000000e+03 1.776787603927124926e-01 1.153356996572073162e-01 3.790260002395469314e+02 3.754046327567879757e+02
