1.394904667969628917e+02 2.500000000000000000e+01 1.941138229112391866e-01 9.826667150636156367e-02 3.799806758727214060e+02 3.744131314929983319e+02
7.271311567075724724e+01 4.795918367346938282e+01 1.941138229112391866e-01 9.827376216492927918e-02 3.799806758727214060e+02 3.744135433733273430e+02
4.917289836727469776e+01 7.091836734693876565e+01 1.941138229112391866e-01 9.830525369210575681e-02 3.799806758727214060e+02 3.744153726449600867e+02
3.714691778832163749e+01 9.387755102040816269e+01 1.941138229112391866e-01 9.827828483707704010e-02 3.799806758727214060e+02 3.744138060851297496e+02
2.984730512249424450e+01 1.168367346938775455e+02 1.941138229112391866e-01 9.832030224345178482e-02 3.799806758727214060e+02 3.744162467812931823e+02
2.494537544909190530e+01 1.397959183673469283e+02 1.941138229112392422e-01 9.835501784228702082e-02 3.799806758727214060e+02 3.744182633319611000e+02
2.142643533871843786e+01 1.627551020408163254e+02 1.941138229112391866e-01 9.801067308031100045e-02 3.799806758727214060e+02 3.743982611230678117e+02
1.877756283805269533e+01 1.857142857142856940e+02 1.941138229112391866e-01 9.767341397216951215e-02 3.799806758727214060e+02 3.743786705037899196e+02
1.671157181675105718e+01 2.086734693877550910e+02 1.941138229112392422e-01 9.979149407213731837e-02 3.799806758727214060e+02 3.745017049892549039e+02
1.505513848689687428e+01 2.316326530612244881e+02 1.941138229112391866e-01 9.969587897172138558e-02 3.799806758727214060e+02 3.744961509241925910e+02
1.369746066743723922e+01 2.545918367346938567e+02 1.941138229112391866e-01 9.716241340882937616e-02 3.799806758727214060e+02 3.743489876360911239e+02
1.256439866369702507e+01 2.775510204081632537e+02 1.941138229112391866e-01 9.513520641758710372e-02 3.799806758727214060e+02 3.742312317641096229e+02
1.160447007309198852e+01 3.005102040816326507e+02 1.941138229112391866e-01 9.493541162343711870e-02 3.799806758727214060e+02 3.742196261361179381e+02
1.078080894803025558e+01 3.234693877551020478e+02 1.941138229112391866e-01 9.588533068468280129e-02 3.799806758727214060e+02 3.742748047872631219e+02
1.006632234617258170e+01 3.464285714285713880e+02 1.941138229112391866e-01 9.704562648075663878e-02 3.799806758727214060e+02 3.743422037474153967e+02
9.440653139573456087e+00 3.693877551020407850e+02 1.941138229112391866e-01 9.819040659383608538e-02 3.799806758727214060e+02 3.744087014366129438e+02
8.888209197725855049e+00 3.923469387755101820e+02 1.941138229112391866e-01 9.957425565300634385e-02 3.799806758727214060e+02 3.744890861005162606e+02
8.396846281389658273e+00 4.153061224489795791e+02 1.941138229112391866e-01 1.013843876296208757e-01 3.799806758727214060e+02 3.745942325755573847e+02
7.956964927882632210e+00 4.382653061224489761e+02 1.941138229112391866e-01 1.032924869626459380e-01 3.799806758727214060e+02 3.747050697528947012e+02
7.560877071959272833e+00 4.612244897959183163e+02 1.941138229112391866e-01 1.045757681408237688e-01 3.799806758727214060e+02 3.747796126559068739e+02
7.202352869390076684e+00 4.841836734693877133e+02 1.941138229112391866e-01 1.046294235990166688e-01 3.799806758727214060e+02 3.747827293801947235e+02
6.876290616751691509e+00 5.071428571428571104e+02 1.941138229112391866e-01 1.032711192512047599e-01 3.799806758727214060e+02 3.747038285508349418e+02
6.578472447594977623e+00 5.301020408163265074e+02 1.941138229112391866e-01 1.007661485623944086e-01 3.799806758727214060e+02 3.745583204655613372e+02
6.305380879198507316e+00 5.530612244897959044e+02 1.941138229112391866e-01 9.769712936396438008e-02 3.799806758727214060e+02 3.743800480772948731e+02
6.054059232109106681e+00 5.760204081632653015e+02 1.941138229112392422e-01 9.469717730230048369e-02 3.799806758727214060e+02 3.742057876428892769e+02
5.822004150810205836e+00 5.989795918367346985e+02 1.941138229112391866e-01 9.224316400923997239e-02 3.799806758727214060e+02 3.740632395575546525e+02
5.607081930312699747e+00 6.219387755102040956e+02 1.941138229112391866e-01 9.061686140420578683e-02 3.799806758727214060e+02 3.739687713151951129e+02
5.407462716021504967e+00 6.448979591836733789e+02 1.941138229112391866e-01 8.992010418904845814e-02 3.799806758727214060e+02 3.739282982634620112e+02
5.221568275822140670e+00 6.678571428571427759e+02 1.941138229112392422e-01 9.013662795997533228e-02 3.799806758727214060e+02 3.739408756399017761e+02
5.048030186891567794e+00 6.908163265306121730e+02 1.941138229112392422e-01 9.118493377023410840e-02 3.799806758727214060e+02 3.740017693549114597e+02
4.885656092245305615e+00 7.137755102040815700e+02 1.941138229112391866e-01 9.295155521636928875e-02 3.799806758727214060e+02 3.741043884015847993e+02
4.733402266655943436e+00 7.367346938775509670e+02 1.941138229112391866e-01 9.531171172466193497e-02 3.799806758727214060e+02 3.742414845584387990e+02
4.590351157186824516e+00 7.596938775510203641e+02 1.941138229112391866e-01 9.813885539656838630e-02 3.799806758727214060e+02 3.744057069440859777e+02
4.455692876826064186e+00 7.826530612244897611e+02 1.941138229112392422e-01 1.013097192610689229e-01 3.799806758727214060e+02 3.745898952588026987e+02
4.328709862603662195e+00 8.056122448979591582e+02 1.941138229112391866e-01 1.047065930631756736e-01 3.799806758727214060e+02 3.747872119799399115e+02
4.208764084391121152e+00 8.285714285714285552e+02 1.941138229112392422e-01 1.082186316534806125e-01 3.799806758727214060e+02 3.749912183633140330e+02
4.095286322978538784e+00 8.515306122448979522e+02 1.941138229112391866e-01 1.117428215779236456e-01 3.799806758727214060e+02 3.751959305902223605e+02
3.987767137136045026e+00 8.744897959183673493e+02 1.941138229112391589e-01 1.151848580472178418e-01 3.799806758727214060e+02 3.753958707086142681e+02
3.885749217197943306e+00 8.974489795918366326e+02 1.941138229112391866e-01 1.184600070543623401e-01 3.799806758727214060e+02 3.755861167115492663e+02
3.788820883066065903e+00 9.204081632653060296e+02 1.941138229112391866e-01 1.214939019634404399e-01 3.799806758727214060e+02 3.757623488092394268e+02
3.696610531666404853e+00 9.433673469387754267e+02 1.941138229112391866e-01 1.242232094722934971e-01 3.799806758727214060e+02 3.759208881133159821e+02
3.608781875950993534e+00 9.663265306122448237e+02 1.941138229112391866e-01 1.265961034066450386e-01 3.799806758727214060e+02 3.760587241584590856e+02
3.525029846854657922e+00 9.892857142857142208e+02 1.941138229112391866e-01 1.285725026582967001e-01 3.799806758727214060e+02 3.761735287236895715e+02
3.445077052949184537e+00 1.012244897959183618e+03 1.941138229112391866e-01 1.301240508694633813e-01 3.799806758727214060e+02 3.762636546522783192e+02
3.368670711213002544e+00 1.035204081632653015e+03 1.941138229112392422e-01 1.312338339201201687e-01 3.799806758727214060e+02 3.763281194412243735e+02
3.295579977363154445e+00 1.058163265306122412e+03 1.941138229112391866e-01 1.318958444831964671e-01 3.799806758727214060e+02 3.763665741384767216e+02
3.225593616352610660e+00 1.081122448979591809e+03 1.941138229112391866e-01 1.321142121565132554e-01 3.799806758727214060e+02 3.763792586230385382e+02
3.158517963517182281e+00 1.104081632653061206e+03 1.941138229112391866e-01 1.319022248666366359e-01 3.799806758727214060e+02 3.763669447605290657e+02
3.094175134925840176e+00 1.127040816326530603e+03 1.941138229112391866e-01 1.312811738724313781e-01 3.799806758727214060e+02 3.763308693120506518e+02
3.032401452107888584e+00 1.150000000000000000e+03 1.941138229112391866e-01 1.302790615523459761e-01 3.799806758727214060e+02 3.762726588724730163e+02
